476 495 523 613 466 592 619 526 520 435 250 42 166 25 46 82 1 73 220 53 406 358 383 342 320 364 279 307 356 418 601 479 511 487 556 472 608 576 443 585 136 206 131 103 212 77 200 58 79 60 375 329 314 417 370 309 298 339 399 351 470 462 534 496 540 503 532 612 491 614 113 160 260 35 223 168 205 22 170 92 311 407 299 292 288 424 416 297 302 293 490 591 611 488 512 609 588 492 572 594 85 38 194 242 217 264 150 127 216 178 425 388 331 333 300 274 373 287 332 363
466 537 523 462 614 613 447 552 498 507 170 83 227 29 66 105 251 250 233 23 428 297 289 291 407 374 406 424 311 357 584 596 554 472 590 506 492 508 465 441 112 200 10 127 77 226 252 102 269 255 309 339 417 397 318 363 399 333 300 298 520 473 545 464 495 566 612 470 618 435 1 32 210 223 108 129 207 46 137 25 279 421 356 383 293 416 355 358 307 316 478 482 437 460 607 576 477 588 499 541 267 133 125 173 139 74 270 49 54 249 277 386 331 369 389 388 412 287 401 348
464 573 496 491 523 618 447 476 517 520 45 5 25 19 44 207 122 227 109 170 297 383 291 342 307 293 281 288 295 357 590 441 585 451 580 479 577 538 488 445 218 196 125 2 255 221 77 150 184 238 395 378 309 425 369 327 280 331 286 318 518 510 622 524 579 559 438 532 616 471 86 83 35 99 51 71 230 37 117 236 302 299 416 418 394 406 320 292 290 424 583 582 599 605 536 541 460 603 575 568 4 85 133 217 231 81 98 90 70 186 332 294 301 417 405 373 388 370 306 339
526 430 483 476 559 473 534 579 592 435 202 258 108 106 163 220 99 210 105 235 421 293 355 291 406 288 383 382 428 316 547 443 591 597 467 553 441 515 580 596 255 206 182 249 242 38 20 270 75 238 314 372 426 351 341 361 371 306 404 378 552 493 447 617 498 501 614 517 612 529 119 42 232 151 86 236 82 260 53 1 307 364 394 358 407 302 290 289 356 320 488 556 502 487 584 564 482 608 472 453 78 62 155 90 110 49 200 131 10 187 313 331 318 339 386 414 329 380 395 280
470 535 616 480 446 532 507 540 592 618 235 202 42 44 25 99 92 234 250 232 406 293 394 326 428 320 358 281 357 407 556 460 594 607 605 593 591 455 608 581 259 231 78 49 150 38 252 212 98 178 414 386 367 410 397 331 314 344 333 318 476 505 491 517 473 464 494 559 503 534 97 12 51 5 1 105 119 117 71 230 302 342 416 418 382 297 291 374 290 289 585 568 454 583 433 589 436 549 500 477 206 110 75 127 103 216 81 184 134 133 301 351 388 313 339 328 412 287 425 300
527 618 476 495 559 616 613 535 503 435 251 227 23 45 180 53 66 230 46 83 374 428 288 416 418 424 289 302 316 382 472 599 569 553 452 548 454 601 588 443 75 54 104 216 267 152 133 156 173 200 348 397 375 306 314 361 399 389 298 372 529 614 446 473 537 470 501 523 457 520 117 25 248 205 258 233 82 12 234 168 290 297 311 358 383 394 357 407 292 291 509 541 577 504 597 441 502 593 437 478 81 58 125 134 255 131 150 190 165 60 411 309 280 328 422 426 332 367 341 301
622 497 447 435 471 545 491 613 458 621 166 52 253 234 250 13 137 99 251 65 406 307 382 311 428 297 288 364 374 421 463 538 581 569 541 556 509 511 482 500 249 242 84 211 125 40 49 206 103 264 333 348 425 331 371 327 405 280 375 303 466 476 552 446 503 438 517 430 579 480 171 45 32 248 73 208 97 179 202 83 342 357 358 424 355 295 289 290 293 291 477 554 593 609 452 544 504 502 548 594 112 2 244 75 200 173 155 110 214 74 386 339 286 426 369 412 361 380 301 404
505 470 566 529 491 534 476 592 617 520 44 92 151 42 166 240 19 122 106 202 418 297 320 406 299 293 316 290 382 288 603 609 590 560 441 439 465 453 608 478 196 200 90 218 182 267 125 94 269 81 410 300 329 333 378 380 339 369 386 414 501 438 497 510 447 612 430 466 613 498 37 163 236 32 73 65 233 253 250 170 291 281 428 307 407 295 357 302 279 356 565 536 583 564 472 547 511 591 553 582 4 206 79 178 184 75 173 134 78 104 388 405 306 321 312 348 280 395 372 404
471 431 470 620 498 457 495 493 524 612 236 5 65 23 109 232 82 71 233 208 424 374 355 291 302 418 428 421 292 406 461 484 499 443 590 472 542 482 514 577 78 136 4 182 79 133 188 54 242 221 422 388 321 312 306 372 347 332 331 417 447 430 613 491 510 617 497 619 494 505 42 253 105 230 1 223 202 227 260 168 416 320 407 364 290 358 316 394 311 288 455 463 565 591 609 452 556 601 539 490 139 84 70 259 49 204 64 156 94 75 298 314 369 363 370 328 405 277 389 287
517 491 498 534 438 470 473 616 520 495 233 160 208 71 83 170 210 44 179 65 297 293 279 364 424 290 421 311 288 357 436 452 512 500 588 577 542 506 443 463 242 152 79 188 77 4 215 85 64 252 329 286 331 333 405 401 411 339 370 422 537 526 447 527 494 501 434 471 618 545 113 14 29 234 86 171 207 251 137 97 316 416 299 320 292 342 428 307 302 382 450 544 564 543 439 607 490 599 472 465 155 206 186 156 127 218 90 270 200 10 389 397 303 351 373 425 309 375 414 367
480 430 510 621 435 614 438 476 559 447 42 171 73 71 13 99 82 5 23 253 295 293 320 357 297 383 342 279 311 418 454 581 460 547 577 608 439 512 605 544 38 154 155 81 217 131 75 187 214 78 397 375 333 422 306 313 372 425 348 298 470 505 613 573 535 520 620 494 464 501 119 66 97 44 220 163 51 25 46 14 356 358 316 299 291 307 302 424 289 406 569 506 504 465 597 536 474 482 487 606 125 218 4 152 221 84 211 74 178 77 386 287 339 395 370 318 401 331 341 309
438 579 617 476 462 431 618 524 620 430 44 220 22 179 42 46 105 32 86 151 357 342 421 292 383 288 299 281 289 356 582 509 607 542 478 455 454 575 487 572 178 242 60 81 204 84 38 226 112 49 348 404 344 401 372 375 410 303 300 339 498 559 497 496 483 622 501 507 520 457 51 236 234 225 163 235 168 210 73 248 316 311 428 302 326 406 320 418 394 355 484 577 553 499 482 599 581 560 453 580 201 74 269 127 182 153 211 125 102 104 395 318 378 286 287 361 328 367 412 389
540 473 496 446 616 430 518 535 559 434 29 119 170 113 19 137 6 95 53 122 357 293 418 355 356 394 290 295 416 342 538 547 585 554 488 508 478 445 492 502 173 139 256 133 201 182 244 127 98 249 371 370 389 425 329 274 314 298 361 417 534 614 613 520 523 494 493 517 552 618 97 86 236 225 109 23 92 13 202 14 326 307 281 407 279 302 288 292 289 421 474 477 499 455 504 599 460 511 603 553 78 259 62 242 4 90 184 214 226 252 332 294 309 341 388 303 401 333 373 395
476 529 618 518 620 507 612 496 501 493 73 95 160 170 202 137 260 106 163 14 289 421 311 316 326 292 299 291 356 342 445 560 499 509 549 453 576 588 554 500 110 62 194 136 154 238 139 70 49 90 277 306 417 378 301 300 286 412 341 327 614 458 503 573 566 535 480 524 540 510 227 25 250 166 235 23 108 86 220 113 295 290 416 279 383 281 297 364 406 302 490 583 553 548 492 572 594 547 512 601 4 60 77 218 211 244 204 2 153 197 388 373 314 313 333 361 395 422 339 426
527 466 619 529 494 617 552 471 526 540 225 220 73 13 119 163 22 29 230 95 421 320 416 295 299 307 297 357 358 279 487 609 536 575 597 599 577 482 583 590 196 244 215 226 264 241 64 218 110 211 389 404 401 294 332 348 405 399 369 318 446 524 505 534 573 559 496 592 622 621 109 50 106 25 108 160 251 105 51 170 382 428 424 406 291 383 342 356 418 407 564 560 499 556 585 548 467 463 443 606 252 2 58 40 249 267 197 81 204 60 303 411 309 300 372 371 386 344 329 333
535 473 503 471 579 483 438 552 559 457 253 225 117 95 44 160 234 235 179 251 281 311 307 288 421 364 394 293 291 356 472 605 543 590 512 452 459 508 454 450 49 186 265 242 184 244 110 54 84 70 370 287 389 331 422 388 386 314 277 426 494 524 462 529 517 470 566 526 527 435 12 227 170 258 151 83 46 208 205 50 424 355 406 299 382 428 358 357 320 418 560 514 575 536 544 445 549 490 499 461 190 226 173 270 201 85 200 134 136 239 395 375 404 327 298 313 405 399 309 351
462 620 505 552 496 510 466 622 535 614 235 151 205 210 233 19 117 240 232 37 383 357 293 342 421 416 394 374 407 311 452 554 459 454 461 543 432 482 443 605 188 2 121 206 131 81 238 173 244 64 372 306 422 399 375 395 341 327 303 425 498 430 573 566 613 592 518 471 520 621 99 6 207 66 108 44 166 137 160 168 418 288 316 290 428 320 307 289 356 281 499 588 474 609 469 538 539 450 478 581 165 214 264 127 133 184 197 194 62 218 411 332 286 298 328 389 386 370 401 277
592 537 619 438 435 518 494 505 493 466 6 25 223 233 19 168 106 92 37 52 289 281 406 279 292 316 416 428 342 355 461 568 547 607 553 577 590 479 437 597 216 214 267 184 196 270 218 121 133 75 306 327 300 395 373 412 314 426 333 312 534 552 447 483 617 457 510 431 573 434 236 113 42 44 50 179 230 108 160 95 288 299 293 374 311 307 302 424 407 418 593 488 580 509 450 454 565 538 575 600 201 188 217 85 40 178 103 197 84 182 274 331 303 344 401 397 348 370 367 411
457 507 529 435 494 470 476 517 545 620 180 250 223 227 179 109 86 106 170 95 421 302 290 320 418 356 382 291 428 289 603 548 488 606 572 543 605 576 582 590 184 242 264 186 85 221 62 216 110 70 422 339 318 397 312 378 331 301 404 401 501 505 566 614 471 592 496 518 618 540 71 137 45 208 234 205 151 236 35 32 364 424 311 297 394 288 281 357 407 299 436 584 608 591 432 443 468 600 454 536 150 238 204 104 214 153 269 75 155 39 341 294 425 388 380 298 417 375 351 332
614 559 480 517 616 618 438 435 483 491 108 6 97 14 46 13 230 236 248 151 357 281 316 421 364 307 355 428 299 326 506 451 603 439 599 437 589 543 453 541 78 249 39 255 201 134 110 152 62 20 410 417 347 425 363 371 401 375 426 397 537 545 430 535 464 501 493 447 473 534 71 99 223 37 109 258 95 253 137 45 288 320 293 407 289 302 279 295 291 383 436 504 465 547 593 499 538 512 554 474 173 102 221 259 217 226 218 206 104 10 341 303 399 411 314 378 301 280 422 321
573 473 535 464 616 612 446 462 613 545 1 151 208 235 51 207 117 180 166 258 364 421 326 281 290 355 288 357 299 358 437 601 488 600 536 453 583 594 595 538 165 269 39 238 150 155 127 78 249 186 318 388 414 395 333 339 328 280 372 389 529 618 434 523 466 431 505 480 498 510 248 105 179 223 227 32 35 119 52 92 406 374 356 394 291 383 293 320 292 289 541 611 606 539 515 548 591 465 589 588 187 62 201 211 252 60 188 197 49 38 405 286 348 371 301 313 380 399 386 410
491 507 620 510 573 534 523 617 495 493 44 73 113 210 205 233 97 236 37 235 297 316 320 279 293 291 290 302 416 292 576 488 451 564 611 594 478 536 454 553 133 81 206 70 214 212 252 104 216 20 303 301 378 370 286 327 371 309 399 277 621 526 501 579 497 435 494 457 517 476 30 46 208 29 248 6 202 250 12 95 394 382 364 326 295 358 374 342 281 289 465 585 539 443 608 484 452 445 500 469 270 79 136 39 186 238 58 103 218 173 351 312 414 417 313 389 395 328 331 318
524 471 493 535 559 497 614 613 545 612 137 51 29 210 82 251 166 225 22 179 406 288 297 357 374 364 289 299 293 355 479 504 541 492 452 499 450 597 500 599 241 54 249 226 221 269 64 242 259 81 412 348 333 300 277 380 378 411 395 318 616 532 494 476 552 447 501 507 566 592 160 50 52 66 65 207 46 232 223 30 326 407 302 394 418 279 292 383 316 356 553 584 596 539 443 468 582 465 547 590 20 75 155 156 139 103 188 152 121 58 309 363 314 351 367 370 388 327 375 417
483 471 535 510 529 612 476 620 537 470 22 119 180 25 42 168 14 258 129 12 320 307 295 292 281 288 302 297 418 421 536 472 477 453 575 479 596 599 569 509 165 60 155 78 112 104 81 226 121 216 380 370 300 314 388 274 410 306 331 301 526 496 532 527 491 579 458 431 501 446 71 51 83 35 235 45 179 137 163 232 356 406 355 364 416 394 326 293 290 374 454 463 432 607 554 487 542 582 436 560 110 214 255 49 150 184 188 40 131 139 371 277 327 426 401 328 395 399 417 361
498 535 458 613 447 617 523 483 435 473 12 99 19 30 51 52 14 119 106 42 382 295 355 374 326 424 406 356 281 342 452 469 482 565 549 588 511 591 606 468 188 110 156 38 217 212 98 121 211 155 367 339 375 329 287 348 328 347 405 410 495 496 619 524 532 462 510 618 503 527 232 86 50 25 225 95 234 83 32 251 290 364 383 307 416 289 394 302 418 288 596 454 441 581 465 509 453 583 459 599 153 78 187 267 2 125 186 239 77 64 301 286 306 298 426 277 399 371 412 414
430 483 612 559 621 501 540 532 618 524 250 171 106 97 50 208 240 202 109 82 297 406 358 383 416 357 342 428 320 424 469 443 591 569 511 488 460 553 454 433 64 187 150 127 231 197 264 206 242 256 372 301 344 287 404 426 312 331 286 298 517 470 510 431 545 476 497 491 622 523 230 95 108 14 23 236 6 37 170 223 290 316 281 421 407 355 279 374 295 326 594 554 538 450 543 608 611 606 603 568 121 39 94 226 4 110 239 40 270 265 318 388 303 411 306 348 332 375 371 386
621 438 612 491 470 496 435 430 457 462 22 250 109 86 235 260 113 23 42 82 297 281 289 383 326 418 311 290 279 416 511 611 460 548 603 583 439 539 484 544 4 196 127 197 244 150 256 267 39 139 328 351 367 303 388 301 294 347 401 405 532 592 520 540 579 545 614 447 619 434 30 106 12 46 29 99 236 129 233 66 292 406 293 356 407 374 394 299 342 291 591 461 580 509 576 499 502 472 605 594 64 221 20 255 190 102 184 241 98 134 399 412 372 386 426 425 371 274 417 404
431 446 505 612 621 537 622 566 510 579 50 44 240 37 109 95 42 258 6 13 316 428 295 279 421 358 407 292 281 424 460 539 605 459 554 463 597 477 508 482 206 104 187 242 267 259 139 238 186 81 389 328 309 414 370 404 286 347 274 372 534 527 523 545 501 480 491 520 559 494 232 106 234 260 73 223 119 86 160 82 307 382 364 342 288 418 299 291 406 290 596 544 468 472 465 487 556 549 607 564 40 212 264 204 4 20 64 121 173 98 339 375 313 417 348 422 405 329 312 378
446 473 622 491 520 620 552 559 447 466 170 160 251 250 151 66 99 227 258 29 357 279 421 358 288 383 394 356 320 326 506 455 543 490 536 577 515 549 500 477 200 4 226 112 104 139 249 206 39 134 301 309 318 300 401 405 329 380 347 298 621 498 493 526 464 545 617 494 540 618 71 23 13 171 97 14 225 50 233 12 311 374 292 342 307 302 406 416 299 290 451 599 468 443 436 472 594 439 432 461 204 136 165 131 84 70 152 182 270 103 367 339 333 414 287 321 372 388 361 351
446 507 495 497 480 458 579 466 612 457 30 137 6 65 45 51 97 250 205 92 316 357 382 320 291 424 364 293 421 290 437 450 577 543 580 548 512 461 542 599 70 153 241 217 102 49 20 256 221 182 309 399 363 370 314 298 280 388 375 367 435 503 524 613 473 619 476 545 523 498 166 44 113 160 53 168 14 83 5 46 289 428 297 302 281 374 406 383 307 342 607 439 549 554 569 499 601 590 432 445 127 62 178 194 85 259 38 40 81 2 306 347 422 404 327 425 303 318 361 380
