481 501 539 602 468 598 606 552 546 441 467 462 554 499 567 135 194 266 102 207 248 57 172 33 70 101 4 99 224 88 347 365 348 300 399 373 392 287 380 332 393 366 386 351 429 582 434 520 570 561 519 590 511 475 442 447 487 523 548 503 246 79 125 89 174 68 128 202 22 229 267 217 90 85 123 413 408 328 391 419 334 378 327 317 383 299 374 288 305 290
465 564 539 461 608 607 454 585 516 531 613 473 567 462 502 231 263 61 119 20 176 103 221 40 91 128 39 93 248 34 272 297 398 406 350 367 400 314 371 293 417 422 287 294 407 582 617 496 524 622 431 432 555 600 481 577 572 606 540 615 208 239 169 71 228 118 105 124 59 17 73 81 11 49 256 388 318 405 333 358 325 372 275 331 302 394 413 319 376 321
462 585 503 492 543 618 453 484 536 546 523 521 526 530 621 225 30 189 240 75 61 5 34 25 62 206 156 235 145 194 331 329 297 341 311 322 407 301 358 302 312 387 296 354 429 479 438 448 487 581 471 468 592 611 584 595 513 469 451 477 221 16 216 29 204 84 203 142 97 24 198 197 233 249 132 362 294 427 394 389 393 373 330 272 413 396 303 346 366 403
543 431 486 482 583 478 565 598 605 443 568 619 448 601 504 123 262 157 257 203 190 264 134 129 170 217 125 218 133 136 361 308 408 373 345 420 341 365 329 271 410 306 354 297 402 447 602 597 564 535 503 567 594 577 578 507 462 461 588 559 150 19 228 243 57 165 18 131 209 252 85 162 100 84 260 381 320 338 311 290 411 379 357 407 404 279 278 415 299 403
468 561 605 484 449 621 528 580 606 450 480 519 487 530 477 55 105 238 149 225 236 191 56 60 37 125 114 250 261 245 341 280 314 275 273 346 362 361 331 330 392 305 419 348 405 537 575 442 579 550 503 622 599 609 614 501 475 610 464 454 168 46 230 265 263 234 232 41 242 213 260 184 39 212 6 417 278 382 340 319 415 397 302 286 342 279 414 386 318 360
547 610 480 502 582 613 609 571 524 441 622 596 447 483 567 70 140 182 40 187 254 219 32 63 194 83 93 236 71 111 353 290 421 389 292 414 330 280 419 386 375 378 282 408 412 587 452 509 536 615 620 491 517 579 608 590 593 508 479 467 67 244 185 165 30 162 38 261 229 21 115 142 190 109 243 284 336 416 278 317 301 286 320 385 422 342 333 349 355 373
620 506 452 443 476 578 493 610 460 514 461 472 569 447 511 23 151 3 264 85 170 78 263 238 259 18 163 127 250 93 379 312 300 299 329 401 347 391 397 339 390 327 382 334 402 494 445 586 600 612 540 564 574 547 563 502 462 466 611 481 52 136 204 185 144 175 123 126 89 111 74 155 215 159 36 360 341 340 366 416 409 407 306 380 326 281 283 421 319 330
519 469 582 553 490 565 484 603 572 548 513 446 508 528 454 251 1 71 74 139 60 108 162 57 174 255 26 158 136 210 304 369 417 299 331 323 414 415 332 382 405 313 343 398 320 479 529 463 612 449 455 441 456 493 609 480 562 494 433 585 253 269 224 176 17 15 58 35 235 84 267 129 207 175 63 367 346 413 376 403 368 373 309 391 358 310 328 312 375 306
472 434 469 470 513 455 503 498 553 612 451 431 589 484 518 136 109 262 96 131 239 6 85 30 138 238 103 99 249 218 302 424 344 411 271 406 395 414 307 384 422 377 355 297 328 471 588 562 479 606 617 534 542 596 477 597 552 567 548 457 49 84 101 19 226 67 152 269 135 206 41 270 168 213 52 289 369 427 352 327 303 336 274 356 305 333 364 286 407 397
527 488 511 561 446 472 481 480 543 509 549 533 450 537 494 116 14 71 107 223 230 163 204 94 106 184 218 62 199 92 356 285 297 411 336 386 396 416 374 346 312 304 273 377 307 460 433 524 449 584 498 606 475 519 464 539 515 516 502 521 9 31 127 108 224 202 151 119 22 55 20 139 165 136 10 358 330 422 313 303 403 342 305 364 301 274 389 426 294 295
483 430 527 432 442 609 446 622 592 452 462 510 594 583 561 155 130 89 43 128 54 180 96 92 17 126 104 5 33 102 351 322 335 302 396 369 313 286 309 279 307 426 343 366 318 596 551 434 531 586 524 541 509 490 473 512 505 575 461 536 38 207 49 161 204 50 16 137 52 167 184 114 259 55 242 359 315 326 330 304 278 349 350 306 393 336 298 368 390 303
443 587 610 481 462 436 463 549 434 431 501 578 498 620 477 119 124 145 178 30 58 208 26 186 57 70 131 49 113 172 309 412 409 397 369 415 377 399 329 421 358 349 414 299 393 450 507 441 460 575 508 502 512 492 533 606 612 535 545 576 206 118 264 152 80 42 38 201 94 202 83 189 159 99 260 423 390 376 293 392 350 402 287 305 373 307 278 394 322 284
567 477 504 447 611 432 537 572 591 437 550 589 614 531 536 99 97 159 232 182 37 145 179 139 23 162 9 120 85 163 338 335 415 397 354 287 340 278 385 283 360 305 413 359 363 606 459 491 568 557 532 502 444 613 434 511 457 490 471 448 134 155 217 170 93 121 78 24 103 112 70 75 94 42 104 420 301 343 428 372 353 339 414 332 378 358 409 329 316 422
479 552 612 534 615 526 604 509 519 500 593 459 515 583 609 200 95 181 228 159 93 111 163 268 196 161 100 136 177 21 400 292 423 373 417 290 355 342 401 363 286 413 332 337 351 468 502 469 572 558 620 455 599 431 574 447 489 570 442 522 20 171 97 119 162 34 204 226 174 107 90 195 156 153 99 384 412 369 348 370 320 293 368 335 346 399 339 297 283 311
546 467 614 553 499 615 582 477 557 616 449 547 522 620 584 228 121 259 38 207 213 210 95 16 148 172 28 39 239 122 350 311 348 289 429 372 426 349 316 385 407 338 406 308 320 510 491 571 588 431 552 561 570 601 473 594 539 567 573 476 87 269 134 192 247 251 202 270 218 238 176 260 104 174 217 375 310 305 284 386 369 404 423 395 418 403 293 394 324 384
561 476 515 473 593 488 443 584 591 455 617 537 458 549 524 65 228 185 192 21 257 215 144 113 60 169 247 252 197 122 278 407 383 410 376 341 315 405 402 321 429 332 326 280 418 579 608 486 466 622 606 531 588 492 585 545 574 571 534 575 67 256 146 224 124 31 45 117 39 26 156 114 179 121 139 286 365 327 330 296 285 359 419 403 358 406 323 287 307 295
459 615 519 577 507 531 468 464 574 465 509 430 581 579 601 257 162 71 172 140 234 161 195 211 236 25 149 259 243 57 347 278 396 328 358 309 383 377 382 391 423 364 307 351 305 481 612 593 483 535 594 451 532 474 540 558 547 463 613 442 32 165 44 38 49 148 1 85 20 154 84 202 55 206 50 349 352 283 312 399 362 272 325 379 332 303 403 354 412 292
588 566 614 444 440 538 502 524 497 470 547 567 446 485 607 33 142 12 251 18 8 35 216 235 26 181 134 115 56 83 412 348 298 302 309 383 410 347 373 338 285 278 398 274 426 525 478 456 558 568 434 480 457 576 513 512 503 438 436 474 53 182 159 267 168 204 232 86 14 257 222 93 194 122 29 296 386 361 393 362 387 385 421 360 371 390 425 328 335 303
452 522 554 442 499 472 484 536 584 563 504 511 573 596 470 245 107 153 115 223 185 254 214 226 189 139 110 134 192 123 334 369 315 395 413 392 377 376 307 303 408 321 292 344 343 559 597 466 459 453 562 566 515 483 611 454 440 590 539 518 253 155 89 264 190 152 265 200 216 238 9 207 258 224 3 283 313 429 295 363 358 404 419 361 310 396 290 390 323 426
599 577 483 530 611 614 447 443 490 498 560 567 430 563 464 123 87 30 78 218 131 8 116 21 70 19 235 257 17 173 323 341 401 300 350 344 342 409 369 309 359 276 336 339 381 514 552 572 507 621 444 520 481 604 454 522 432 513 478 434 114 33 253 14 250 11 229 158 39 153 9 107 49 150 264 330 357 351 376 311 301 408 280 414 378 334 321 346 291 278
581 478 563 465 611 602 449 462 612 586 552 600 440 541 461 11 142 76 134 169 4 161 204 243 77 206 148 201 184 172 419 351 387 401 405 300 304 369 321 347 368 413 346 280 292 550 450 574 507 592 572 548 544 580 454 589 475 615 473 442 10 250 91 252 133 35 218 244 269 144 266 136 251 132 260 370 416 307 415 426 350 422 279 399 340 349 331 305 412 364
488 521 619 528 589 565 545 567 507 498 607 540 515 584 614 23 114 47 166 99 59 96 141 209 202 240 121 258 55 257 299 311 397 296 422 276 427 277 279 348 313 335 344 272 307 463 456 504 481 475 560 556 538 495 461 544 572 514 439 454 190 90 27 177 196 237 78 139 40 175 54 206 136 21 212 329 293 289 340 317 337 310 380 298 387 385 413 326 393 280
541 472 493 565 584 509 610 611 585 613 588 557 500 486 581 38 140 160 252 168 156 73 39 210 101 214 178 228 29 200 369 314 318 325 322 395 312 413 407 297 389 283 423 367 384 576 451 498 483 568 521 578 619 616 592 433 473 600 528 589 78 107 143 96 33 104 27 251 109 260 146 203 234 129 22 307 398 304 361 415 401 285 408 396 393 422 293 421 286 429
486 473 564 528 555 603 482 572 578 476 540 497 551 610 487 245 54 12 134 37 25 146 191 266 59 179 20 155 162 268 321 308 328 294 416 303 382 366 376 425 341 326 311 424 277 443 505 500 477 493 516 590 515 559 529 612 511 480 458 454 131 69 77 36 196 85 246 254 264 126 39 53 1 261 166 325 361 398 275 383 353 288 349 302 327 323 307 399 331 392
510 563 458 600 453 615 547 492 442 481 490 496 603 535 554 40 146 196 128 195 11 120 25 41 77 79 19 153 137 61 401 326 308 286 399 333 414 327 294 289 376 427 354 379 352 484 620 566 439 621 455 618 581 521 527 451 611 528 463 452 33 67 86 184 169 225 127 237 173 269 230 37 21 204 60 344 292 404 299 425 363 322 349 278 391 384 316 329 418 350
433 485 597 581 489 518 578 566 493 553 532 472 529 431 576 85 131 106 177 198 251 181 130 117 74 212 257 204 146 109 405 345 351 284 291 424 277 309 389 409 312 395 368 393 415 564 552 495 545 565 463 543 446 471 443 580 435 600 526 602 62 18 228 188 123 91 45 171 38 4 216 153 124 21 140 349 412 359 413 380 294 360 339 330 398 372 419 379 407 400
617 446 596 492 472 505 443 430 455 465 542 584 520 562 586 213 265 25 159 13 27 252 136 109 246 28 146 32 59 262 293 346 279 310 429 345 424 362 365 328 313 278 289 388 348 601 522 461 431 552 452 588 620 537 546 615 593 484 543 454 120 122 48 160 257 215 16 147 92 162 216 268 192 121 256 335 339 315 394 419 274 373 331 375 408 342 415 333 281 341
435 446 520 598 447 572 436 591 534 604 558 550 541 577 620 88 102 180 259 123 68 60 247 52 137 118 59 65 9 17 407 341 414 409 322 402 356 332 369 328 334 419 310 271 312 568 575 478 442 535 493 581 564 533 440 508 498 470 465 457 45 143 258 43 173 54 251 81 127 91 229 145 58 69 53 320 372 368 309 378 425 318 363 404 422 417 342 400 420 305
449 476 622 491 540 447 584 591 452 472 609 501 484 543 461 224 179 98 232 97 177 164 256 258 163 92 127 267 176 42 329 291 282 383 347 286 412 319 320 281 362 271 415 370 420 597 613 567 545 553 519 563 468 546 523 521 525 577 531 457 110 40 147 93 135 202 133 167 108 74 29 229 62 19 7 317 411 280 273 306 374 274 396 326 323 342 410 382 284 339
449 523 499 509 486 457 598 471 608 455 441 502 528 588 469 249 68 223 163 115 41 155 10 87 66 78 124 67 209 121 367 307 348 365 317 373 283 333 276 312 336 362 384 341 297 564 581 484 607 462 456 618 487 510 444 591 448 613 539 621 12 26 197 153 205 165 131 52 156 259 251 11 267 164 182 334 426 411 271 286 295 346 406 394 319 425 278 418 400 361
