19 4 21 29 15 27 18 8 9 5 13 11 31 22 32 30 41 35 54 36 37 34 46 42 44 51 33 84 56 62 72 66 86 71 57 67 73 76 70 78 75 85 90 81 64 1 2 3 6 7 10 12 14 16 17 20 23 24 25 26 28 38 39 40 43 45 47 48 49 50 52 53 55 58 59 60 61 63 65 68 69 74 77 79 80 82 83 87 88 89
30 12 13 18 4 20 22 19 24 7 25 2 11 29 23 16 39 47 48 41 49 42 53 33 45 34 52 70 69 73 58 72 59 74 76 90 86 57 89 64 85 80 62 83 82 1 3 5 6 8 9 10 14 15 17 21 26 27 28 31 32 35 36 37 38 40 43 44 46 50 51 54 55 56 60 61 63 65 66 67 68 71 75 77 78 79 81 84 87 88
3 27 6 15 30 28 25 13 11 1 2 17 29 22 12 18 40 45 35 36 41 49 38 48 42 37 52 62 63 67 69 86 87 75 65 71 82 79 59 61 57 90 88 74 83 4 5 7 8 9 10 14 16 19 20 21 23 24 26 31 32 33 34 39 43 44 46 47 50 51 53 54 55 56 58 60 64 66 68 70 72 73 76 77 78 80 81 84 85 89
25 11 18 20 16 29 24 30 2 5 13 14 9 4 32 10 38 49 50 51 47 37 42 54 39 40 43 77 74 60 85 81 80 86 57 73 70 69 56 90 79 66 88 84 58 1 3 6 7 8 12 15 17 19 21 22 23 26 27 28 31 33 34 35 36 41 44 45 46 48 52 53 55 59 61 62 63 64 65 67 68 71 72 75 76 78 82 83 87 89
16 9 17 32 28 21 23 20 5 18 11 15 8 12 22 13 50 53 48 54 34 43 38 41 51 42 36 75 58 59 69 73 84 76 67 88 63 81 86 87 64 90 85 82 80 1 2 3 4 6 7 10 14 19 24 25 26 27 29 30 31 33 35 37 39 40 44 45 46 47 49 52 55 56 57 60 61 62 65 66 68 70 71 72 74 77 78 79 83 89
6 1 10 4 18 23 19 3 26 5 7 8 9 31 14 13 46 47 43 36 54 33 45 41 49 44 50 74 78 86 60 84 88 59 69 73 81 66 87 90 79 82 72 62 58 2 11 12 15 16 17 20 21 22 24 25 27 28 29 30 32 34 35 37 38 39 40 42 48 51 52 53 55 56 57 61 63 64 65 67 68 70 71 75 76 77 80 83 85 89
17 30 25 20 19 21 1 15 14 6 16 2 28 12 29 13 50 54 39 40 37 47 53 48 42 43 36 58 87 79 57 86 64 56 81 65 88 61 73 62 80 59 66 63 68 3 4 5 7 8 9 10 11 18 22 23 24 26 27 31 32 33 34 35 38 41 44 45 46 49 51 52 55 60 67 69 70 71 72 74 75 76 77 78 82 83 84 85 89 90
13 31 20 25 26 32 21 6 30 28 29 9 4 1 3 18 45 48 51 46 36 47 34 49 55 50 44 64 69 79 65 78 72 61 82 76 85 59 81 86 80 71 70 89 74 2 5 7 8 10 11 12 14 15 16 17 19 22 23 24 27 33 35 37 38 39 40 41 42 43 52 53 54 56 57 58 60 62 63 66 67 68 73 75 77 83 84 87 88 90
8 20 1 11 10 27 6 29 3 5 2 19 7 14 18 15 42 35 51 37 46 36 47 55 33 44 34 77 62 82 60 78 90 66 56 73 71 80 89 81 87 70 64 83 74 4 9 12 13 16 17 21 22 23 24 25 26 28 30 31 32 38 39 40 41 43 45 48 49 50 52 53 54 57 58 59 61 63 65 67 68 69 72 75 76 79 84 85 86 88
9 21 12 4 6 28 2 11 20 3 5 7 26 29 23 27 51 37 41 49 33 46 39 35 43 34 47 65 69 87 68 57 81 64 63 62 77 80 85 83 78 75 79 74 82 1 8 10 13 14 15 16 17 18 19 22 24 25 30 31 32 36 38 40 42 44 45 48 50 52 53 54 55 56 58 59 60 61 66 67 70 71 72 73 76 84 86 88 89 90
22 24 16 3 11 8 20 12 9 5 23 25 10 17 30 21 52 39 36 47 33 46 54 43 44 40 37 79 88 57 87 62 60 72 71 76 68 65 89 86 61 80 56 59 83 1 2 4 6 7 13 14 15 18 19 26 27 28 29 31 32 34 35 38 41 42 45 48 49 50 51 53 55 58 63 64 66 67 69 70 73 74 75 77 78 81 82 84 85 90
14 31 29 22 32 11 15 12 10 5 3 28 27 17 7 21 38 55 34 50 41 40 37 42 53 33 52 73 84 85 80 62 63 61 71 74 90 70 76 59 58 64 81 77 75 1 2 4 6 8 9 13 16 18 19 20 23 24 25 26 30 35 36 39 43 44 45 46 47 48 49 51 54 56 57 60 65 66 67 68 69 72 78 79 82 83 86 87 88 89
8 29 24 17 1 27 28 4 25 6 21 22 7 5 26 3 38 36 53 50 44 39 47 51 55 52 42 88 81 73 80 65 85 83 82 61 69 75 76 87 67 70 71 60 56 2 9 10 11 12 13 14 15 16 18 19 20 23 30 31 32 33 34 35 37 40 41 43 45 46 48 49 54 57 58 59 62 63 64 66 68 72 74 77 78 79 84 86 89 90
5 23 3 32 27 7 20 22 24 12 19 18 6 17 25 13 51 42 54 39 41 38 50 37 45 48 36 90 66 78 69 80 85 63 67 61 75 60 58 88 76 84 68 87 72 1 2 4 8 9 10 11 14 15 16 21 26 28 29 30 31 33 34 35 40 43 44 46 47 49 52 53 55 56 57 59 62 64 65 70 71 73 74 77 79 81 82 83 86 89
15 4 18 16 3 25 8 1 22 6 13 2 19 14 11 27 47 34 43 53 37 39 52 40 45 36 54 69 80 67 63 83 88 81 70 74 59 61 75 65 58 56 71 72 64 5 7 9 10 12 17 20 21 23 24 26 28 29 30 31 32 33 35 38 41 42 44 46 48 49 50 51 55 57 60 62 66 68 73 76 77 78 79 82 84 85 86 87 89 90
29 10 30 17 28 32 31 27 3 6 11 2 16 4 23 25 43 52 53 46 47 39 40 37 44 38 33 68 61 82 78 56 59 86 85 62 57 77 65 69 58 88 83 81 75 1 5 7 8 9 12 13 14 15 18 19 20 21 22 24 26 34 35 36 41 42 45 48 49 50 51 54 55 60 63 64 66 67 70 71 72 73 74 76 79 80 84 87 89 90
24 31 3 16 5 8 11 13 20 25 28 29 17 2 7 27 36 42 53 34 49 44 52 43 51 35 33 85 63 62 86 66 79 78 71 61 89 65 82 58 57 84 68 75 77 1 4 6 9 10 12 14 15 18 19 21 22 23 26 30 32 37 38 39 40 41 45 46 47 48 50 54 55 56 59 60 64 67 69 70 72 73 74 76 80 81 83 87 88 90
2 1 21 25 16 20 32 10 22 28 24 30 19 27 11 23 53 52 50 35 47 49 39 55 54 33 37 70 59 64 89 60 69 68 61 76 86 75 77 66 80 82 67 63 56 3 4 5 6 7 8 9 12 13 14 15 17 18 26 29 31 34 36 38 40 41 42 43 44 45 46 48 51 57 58 62 65 71 72 73 74 78 79 81 83 84 85 87 88 90
29 16 27 20 7 1 5 8 6 15 18 4 31 9 19 12 46 54 42 35 38 44 48 45 55 49 51 88 71 59 77 66 84 76 64 78 56 83 87 69 60 89 65 73 82 2 3 10 11 13 14 17 21 22 23 24 25 26 28 30 32 33 34 36 37 39 40 41 43 47 50 52 53 57 58 61 62 63 67 68 70 72 74 75 79 80 81 85 86 90
11 3 26 27 15 13 18 1 9 6 5 29 4 20 21 8 38 39 35 50 45 53 34 51 52 47 46 64 79 68 59 85 63 70 58 66 77 72 78 90 84 81 57 65 82 2 7 10 12 14 16 17 19 22 23 24 25 28 30 31 32 33 36 37 40 41 42 43 44 48 49 54 55 56 60 61 62 67 69 71 73 74 75 76 80 83 86 87 88 89
10 4 5 1 28 18 11 12 24 25 22 8 19 23 21 2 49 36 44 45 54 34 40 48 33 53 51 75 65 89 84 57 71 70 56 68 66 67 64 80 77 79 76 83 62 3 6 7 9 13 14 15 16 17 20 26 27 29 30 31 32 35 37 38 39 41 42 43 46 47 50 52 55 58 59 60 61 63 69 72 73 74 78 81 82 85 86 87 88 90
14 30 24 23 15 28 31 8 22 6 20 4 19 2 9 29 47 45 54 35 39 49 40 53 34 36 43 66 59 62 84 67 64 68 86 70 71 77 88 74 73 72 78 83 65 1 3 5 7 10 11 12 13 16 17 18 21 25 26 27 32 33 37 38 41 42 44 46 48 50 51 52 55 56 57 58 60 61 63 69 75 76 79 80 81 82 85 87 89 90
20 3 5 17 15 2 7 26 13 31 14 32 18 4 29 21 46 39 33 53 34 47 36 44 50 42 51 57 56 77 69 88 73 75 64 70 58 81 59 86 74 71 72 83 60 1 6 8 9 10 11 12 16 19 22 23 24 25 27 28 30 35 37 38 40 41 43 45 48 49 52 54 55 61 62 63 65 66 67 68 76 78 79 80 82 84 85 87 89 90
31 24 16 30 29 11 25 22 13 32 20 5 19 6 10 4 36 55 39 54 40 45 50 46 33 41 47 69 75 74 64 80 56 59 89 71 90 73 81 60 66 77 72 83 63 1 2 3 7 8 9 12 14 15 17 18 21 23 26 27 28 34 35 37 38 42 43 44 48 49 51 52 53 57 58 61 62 65 67 68 70 76 78 79 82 84 85 86 87 88
25 11 28 19 14 6 7 22 1 17 26 23 31 2 9 32 38 39 53 55 40 49 45 54 33 46 51 71 69 75 88 60 73 83 72 74 67 77 90 65 70 64 56 87 63 3 4 5 8 10 12 13 15 16 18 20 21 24 27 29 30 34 35 36 37 41 42 43 44 47 48 50 52 57 58 59 61 62 66 68 76 78 79 80 81 82 84 85 86 89
5 12 4 26 19 1 6 8 25 9 27 7 3 17 13 14 50 38 55 47 44 41 36 45 37 53 43 81 89 66 61 73 90 82 68 87 59 80 58 63 88 67 77 72 85 2 10 11 15 16 18 20 21 22 23 24 28 29 30 31 32 33 34 35 39 40 42 46 48 49 51 52 54 56 57 60 62 64 65 69 70 71 74 75 76 78 79 83 84 86
1 6 12 5 11 13 22 18 7 16 3 24 32 31 26 14 35 50 38 46 44 54 36 37 41 49 45 71 62 69 77 59 87 84 76 56 78 66 70 90 65 79 74 63 86 2 4 8 9 10 15 17 19 20 21 23 25 27 28 29 30 33 34 39 40 42 43 47 48 51 52 53 55 57 58 60 61 64 67 68 72 73 75 80 81 82 83 85 88 89
5 27 20 29 9 13 19 23 12 6 25 17 31 4 15 28 53 51 36 44 49 47 55 52 42 34 33 59 79 56 76 81 67 89 88 68 66 84 70 60 72 63 64 61 85 1 2 3 7 8 10 11 14 16 18 21 22 24 26 30 32 35 37 38 39 40 41 43 45 46 48 50 54 57 58 62 65 69 71 73 74 75 77 78 80 82 83 86 87 90
31 15 5 2 1 32 23 10 18 9 13 4 3 7 17 24 44 35 38 41 55 36 46 40 47 50 42 81 56 75 77 87 62 74 79 73 66 64 67 90 61 80 65 83 60 6 8 11 12 14 16 19 20 21 22 25 26 27 28 29 30 33 34 37 39 43 45 48 49 51 52 53 54 57 58 59 63 68 69 70 71 72 76 78 82 84 85 86 88 89
2 17 19 27 6 11 9 25 15 20 10 28 18 31 8 24 42 50 47 45 39 35 33 37 54 49 34 70 66 73 58 56 57 62 90 80 75 78 59 81 69 63 67 76 68 1 3 4 5 7 12 13 14 16 21 22 23 26 29 30 32 36 38 40 41 43 44 46 48 51 52 53 55 60 61 64 65 71 72 74 77 79 82 83 84 85 86 87 88 89
