145 116 149 166 139 163 146 125 128 118 137 134 119 165 141 49 27 8 73 13 16 6 56 40 52 23 1 66 64 71 93 86 87 92 77 88 95 98 91 100 96 107 109 103 85 164 131 133 143 114 150 153 161 158 123 151 112 167 156 126 68 22 48 51 32 58 37 60 2 53 7 39 28 26 69 78 90 79 94 104 84 89 76 83 80 108 97 105 101 81
115 159 120 137 167 121 161 135 132 110 112 149 145 114 138 52 26 44 11 12 33 63 21 67 73 22 16 71 15 65 90 108 109 96 85 93 92 101 79 81 78 83 88 106 86 156 130 146 148 143 150 157 147 116 123 140 141 168 122 151 42 19 55 59 62 53 74 37 39 31 34 47 38 60 7 105 102 107 104 76 94 91 89 103 95 97 82 77 84 100
138 125 142 139 164 152 157 165 119 149 133 143 126 169 136 56 57 68 54 75 5 39 21 35 8 44 17 36 70 7 90 94 106 97 88 80 83 103 108 109 85 107 98 79 84 117 110 127 114 144 154 146 163 147 168 121 122 166 111 141 53 45 47 33 13 52 3 48 32 50 49 66 31 40 67 78 102 104 77 89 92 96 82 101 100 93 87 86 91 76
141 165 158 148 146 151 111 140 138 122 145 113 155 137 161 57 58 72 22 27 18 56 28 67 41 50 17 5 74 44 77 108 85 76 103 86 100 82 94 102 81 79 87 84 89 130 168 144 157 159 131 150 120 149 153 160 126 117 112 115 11 39 52 62 46 12 54 6 8 71 55 53 13 24 40 91 101 96 88 104 97 95 80 93 106 98 109 107 90 105
123 146 111 130 128 163 121 133 115 120 112 152 124 143 154 66 31 9 62 15 50 16 60 42 3 52 73 39 12 70 80 99 108 87 76 95 92 102 83 103 81 100 85 105 96 129 151 136 118 122 125 114 135 168 116 119 127 162 166 117 27 59 17 75 58 4 49 26 11 45 6 47 18 25 54 89 77 101 84 104 82 93 94 91 98 79 109 90 86 78
149 154 139 114 130 125 169 134 129 120 160 137 132 163 150 51 63 22 11 53 3 54 26 46 75 37 20 43 59 70 109 82 81 93 92 98 89 86 78 83 108 85 76 80 106 136 167 164 152 168 128 140 133 127 117 115 161 159 146 123 60 18 16 7 61 31 28 15 39 6 2 33 29 48 49 102 87 88 84 95 96 107 91 101 79 97 105 99 77 104
123 163 155 142 110 168 111 118 117 121 167 157 126 160 164 10 17 13 72 63 42 27 58 48 26 30 46 59 47 34 101 85 107 105 104 81 90 97 98 102 88 91 93 80 76 119 149 116 120 158 125 147 150 154 134 161 146 159 145 152 57 61 29 33 21 32 70 20 18 55 67 66 74 62 39 87 100 106 83 86 79 92 78 77 96 89 99 103 108 84
136 117 144 139 114 160 124 111 156 122 138 113 154 143 169 1 48 4 36 39 17 25 41 31 55 16 8 24 45 21 84 104 88 103 91 95 79 81 97 86 78 76 93 101 85 163 129 166 145 164 165 167 146 118 121 133 115 161 119 123 73 37 67 72 52 58 29 32 19 54 69 5 26 11 51 102 77 80 108 107 83 106 98 87 89 100 82 105 94 96
153 168 114 140 118 126 131 137 152 138 119 145 150 113 164 33 11 75 71 7 62 45 8 43 6 12 4 53 15 65 108 87 101 99 92 81 83 85 104 78 77 100 89 97 106 111 110 149 158 141 148 112 129 155 143 157 159 166 154 133 69 64 63 60 14 52 72 28 27 74 3 24 66 10 19 80 109 90 88 82 94 107 93 95 84 105 91 98 96 76
162 139 169 148 122 110 119 125 121 142 166 117 146 130 132 50 43 72 32 9 20 46 61 53 59 58 30 65 29 6 98 87 105 97 85 100 76 84 99 90 81 93 86 95 104 133 115 158 161 138 136 147 111 128 123 118 163 116 156 140 34 17 21 8 62 45 71 7 48 12 10 13 15 39 73 78 107 82 89 109 83 94 91 101 80 88 102 77 79 92
127 116 118 111 165 146 131 134 161 136 158 169 155 139 129 6 52 11 40 45 14 7 32 65 1 55 18 35 64 19 106 78 92 91 76 89 87 103 85 88 99 84 101 105 83 135 166 153 152 140 141 156 124 167 122 151 119 150 113 130 28 50 44 47 12 26 66 29 56 10 20 51 21 8 13 108 90 82 109 104 93 100 96 81 94 98 102 95 97 80
146 113 119 142 139 112 122 124 137 116 165 155 151 117 153 75 44 23 2 72 8 56 16 48 64 45 7 3 71 40 90 99 94 97 85 91 78 103 80 108 96 93 107 105 101 168 157 140 141 166 131 160 156 136 162 154 123 152 126 132 19 12 14 24 15 28 47 51 53 5 35 4 25 34 33 83 100 76 77 89 87 84 98 95 102 82 81 109 106 79
155 129 163 145 136 121 123 169 111 146 124 148 134 114 132 31 18 22 72 20 28 62 51 27 2 63 36 70 26 64 97 80 94 105 93 96 87 98 92 86 91 85 76 109 84 118 135 117 160 147 112 119 126 165 128 110 125 116 149 140 57 54 16 59 49 42 35 12 52 73 38 48 45 75 61 81 99 103 106 88 79 78 100 101 108 82 90 95 83 77
111 119 132 168 131 134 154 146 123 144 115 125 169 124 159 61 9 60 18 49 43 66 15 19 38 67 62 28 13 25 98 79 99 106 97 76 107 87 91 92 86 101 96 84 108 118 160 149 164 128 138 148 155 137 121 120 147 140 117 143 39 69 59 12 41 57 53 11 46 42 5 2 6 40 1 94 102 85 100 77 104 83 109 103 78 93 81 88 90 89
168 136 118 112 111 138 157 130 148 128 164 167 116 125 152 74 37 10 19 31 42 12 56 33 62 17 47 64 2 75 98 99 82 96 101 94 87 85 103 105 81 102 86 88 108 114 142 146 160 122 132 127 158 140 151 161 123 147 153 163 65 32 57 51 44 24 9 3 18 67 1 5 26 73 29 77 76 109 79 89 95 91 92 106 90 83 78 104 100 84
113 161 119 114 130 155 124 131 169 120 151 154 127 132 141 30 1 41 28 38 23 72 51 22 59 13 19 70 64 16 89 99 106 79 91 84 86 82 78 105 90 101 104 83 107 128 145 139 115 135 121 136 168 148 143 162 111 156 116 110 71 15 54 56 48 33 67 32 66 18 24 43 65 9 3 85 94 97 87 102 95 96 109 98 80 92 108 103 76 77
112 134 148 125 133 157 159 161 160 111 136 150 156 141 114 54 11 20 62 17 9 57 26 2 47 60 68 7 6 15 104 79 103 82 109 101 91 85 98 90 94 88 102 96 78 126 137 113 168 151 131 152 167 119 153 123 130 144 118 146 29 65 74 3 18 66 46 75 67 34 5 53 41 42 35 93 105 86 100 89 92 99 87 76 84 81 80 108 106 83
147 168 132 145 136 155 116 158 121 164 126 129 125 131 140 70 41 32 20 1 63 53 25 59 36 67 69 58 50 42 99 107 88 95 104 76 93 106 108 78 90 86 94 84 101 122 153 124 162 119 150 144 159 130 141 142 138 134 157 149 45 56 44 47 54 68 13 62 39 49 18 43 75 29 17 98 97 100 103 83 80 89 82 81 102 105 96 91 85 77
123 124 119 114 151 169 135 121 130 166 116 136 149 131 113 56 60 8 31 61 12 17 27 47 49 36 62 37 75 6 89 105 101 94 84 91 90 78 97 99 93 106 76 82 98 128 129 126 117 146 159 161 143 141 134 167 120 162 132 122 30 67 57 33 2 19 52 9 55 1 13 38 20 24 18 86 102 104 80 96 83 81 103 100 95 108 109 85 88 107
133 167 147 162 159 131 126 139 161 158 130 120 148 152 160 1 69 54 58 52 5 61 75 21 57 36 19 43 4 51 86 84 97 81 87 99 80 79 104 94 77 89 107 92 101 123 136 144 122 154 124 112 169 125 137 119 166 117 121 118 12 66 6 25 68 49 44 3 64 73 2 17 65 16 48 93 103 85 109 83 98 78 102 91 82 76 88 108 96 95
133 128 160 142 145 130 112 146 154 139 155 147 168 117 164 12 75 8 34 47 51 49 20 65 54 25 67 61 74 46 88 107 90 108 94 92 86 84 106 81 102 79 109 98 96 157 118 140 121 134 167 149 156 113 159 150 143 161 127 129 57 56 5 14 55 32 72 66 69 27 6 31 68 22 63 77 99 93 87 100 105 97 91 78 76 103 89 104 83 80
128 122 112 152 130 145 125 126 160 165 162 153 116 144 115 11 43 46 44 48 41 66 25 58 21 37 47 72 57 26 96 107 77 79 105 85 88 76 104 84 87 109 93 89 80 137 135 132 164 141 113 119 129 136 169 121 161 120 166 123 67 2 74 53 4 18 9 23 59 34 22 33 73 60 51 102 95 97 86 90 106 82 78 99 81 83 100 98 92 103
169 131 163 117 151 160 126 119 139 132 141 167 111 116 164 69 72 28 23 43 71 67 57 15 31 64 26 17 25 52 82 85 108 84 102 81 80 87 97 92 105 88 89 100 107 144 150 115 168 135 136 156 130 122 145 129 152 158 166 118 9 59 47 60 45 41 29 21 73 1 16 46 14 35 22 86 90 106 94 109 77 95 79 101 93 98 76 103 96 104
117 128 148 164 119 115 152 153 125 169 122 167 126 138 143 14 36 16 30 51 66 17 58 24 29 34 27 60 75 63 88 89 109 91 77 86 80 93 79 96 82 99 98 83 106 140 147 141 144 150 134 165 149 162 154 139 156 137 111 155 41 64 56 18 69 72 8 11 22 43 25 46 33 45 15 81 101 104 105 107 87 90 108 103 78 94 92 100 76 85
148 142 164 114 126 160 128 162 155 147 144 143 110 124 111 61 47 55 10 70 52 42 65 58 67 20 11 19 8 64 83 101 98 77 78 81 103 90 94 87 108 88 92 95 96 150 145 157 165 122 131 119 139 140 125 159 129 141 152 112 9 44 56 31 50 51 14 30 48 3 49 29 46 15 38 84 107 99 76 86 109 82 106 102 91 93 104 80 105 97
119 118 168 121 161 150 145 156 131 144 129 167 163 140 133 44 26 16 56 36 28 51 35 25 43 24 48 2 64 70 105 93 99 77 100 101 80 107 94 90 78 98 109 92 81 110 149 124 134 138 113 120 164 146 130 132 155 112 142 152 14 42 1 57 31 13 29 63 45 15 73 32 69 61 34 103 108 84 97 88 87 95 83 89 106 79 102 86 76 85
129 157 152 116 142 151 110 130 147 169 131 121 135 143 149 42 39 28 59 25 34 2 23 38 65 6 51 14 52 61 84 98 87 92 97 96 79 80 89 90 105 81 82 94 93 113 141 137 161 114 117 146 154 145 159 150 118 120 163 168 4 36 37 56 41 53 22 20 5 57 21 33 60 46 1 103 107 106 78 86 88 109 100 95 91 83 104 77 99 101
162 110 138 139 165 142 141 156 113 127 133 169 131 128 146 23 67 56 10 49 37 29 75 74 64 26 7 21 60 13 101 93 106 98 79 83 89 85 86 104 102 84 97 103 88 145 112 114 140 129 119 155 130 115 144 123 159 163 154 166 45 32 69 25 48 19 62 5 51 27 72 57 2 15 66 78 100 105 90 76 94 92 77 99 96 107 109 95 108 81
135 119 126 136 123 125 149 141 128 139 131 116 147 154 164 73 4 59 1 2 15 20 56 27 7 65 37 19 55 47 101 89 98 84 109 102 80 86 78 100 96 95 108 93 87 124 115 150 168 166 148 163 159 165 121 142 144 158 132 169 14 23 5 54 16 12 66 50 31 64 70 24 75 61 25 82 104 88 85 105 106 76 103 99 83 92 107 79 81 91
115 157 149 144 121 112 110 156 116 118 123 147 152 111 119 11 30 67 57 20 52 6 75 44 9 61 8 15 39 16 85 100 81 109 99 104 77 86 80 102 82 97 89 95 92 153 142 122 151 124 138 139 148 140 114 161 134 120 169 117 37 29 48 5 7 72 49 41 53 65 47 21 22 17 14 96 103 76 84 90 78 88 93 107 83 101 79 108 91 87
